100
76
0100010110101011100111010010101111011000101101011100110011101000111110011101110111011011011101
60
1111111110010110111101110011
74
11100111111010110101111101111
32
1001001111101101010011111011011101111
4
00010000
28
1110101111110111011111111111011111110111
92
10000000011000001000100000011100111001010100001000000001000100100000
9
00010111111101001110010011001011010000100101001010001111000110001100001100000011100111
28
00100010000110000101
57
000000000000000000000000000000000000000000000000000000000000000000000000000000000
18
00001010000000011000100000000001001010010000110110011100110010
52
11111111111111111111111
10
000000000000000000100000100000011000000000000010000000001000010010000000
19
1101011010110111111010100
74
1110111111111111111111111111111101111111110011101111111011111111111111101111101111011111011111111111
89
1111111110110111111111111110100110110111111000011111111011111111
62
000000110010001010010010111010000101100011000000001001000000000000000001
87
101010011111111111111001111110011111
99
1111111111111111111111111011111111111101101110110111101111100111110111111111
25
10101101010111101011101011001011101100110001101111011111111001010010111011101111000
44
11100101101110110011111100100001001011101010111110100010110101011111110110110001
31
111111111111111111
5
11111
63
0111010101011101110001011111111110111101111101011010111110101111111111000111001111111011
42
11
37
110111111011111000010101011011011110101000101010010111011011
28
00100010000110000101
65
000000000000000000000000000000000000000000000000
80
00000011011010000000000000000000000000001000011001010101000000000000010100000000001
10
000000000000000000100000100000011000000000000010000000001000010010000000
18
111111111111111111111111
94
11111101101111110
8
11001010101001100010001010100101100001101000011111
14
1111111111111111111101111110111111111011111111111111111111111111111111111111111111010011
52
000000000000000110001111111111001110
90
010000110000001011010000010000000000001001111
79
0000110010110011000001000
61
1110011111101000001110111111011000011111111110100001001101110111011110
27
00000000000100000000001000001100000
86
0000000000000000000100000000011010000000001000100000000000001000010000000000000100000010001000001000
40
10000100100001011010001011100000010000001000011001001
21
110011011100001011110111010110101101101000011101111001110011100000011101111
100
1111111110111111111111111111101111111110111011111111111111100111111111111111111111111011111
92
0101000000000100
23
000000000000000000000000000000000
88
001110010000000100000111101100101000000000110000110010101001100
99
01001001010000000001000000000000000010000000100000010000
18
00001010000000011000100000000001001010010000110110011100110010
66
0000010000100000001001100
55
101111111111010100011100111011111101010110100010
79
100101011101111111111010010011011011
82
0000000000000000000000000000000000000000000000000000000000000000000
69
000011110000011100101100101001010011110000110101101011011110111011101000111
51
11111110001001011110110001000101000001111011011111110010011011110111000111110100111
43
1111111110111111011100101111111111111111110111011111111111001110101011011110111101101111
73
101111111111110111111101111111111111111111111111111111111111111111111111111111011
28
00100010000110000101
49
0000000000000
11
000000101000000010000000000000000000000000100010000000000010000001000000
71
0000000100001000000100010000000000000000000000000001010000000000010000000100110
67
111111111111111111111111111111111111111111111111111
31
111111111111111111111111111111111111111111111
70
111001010110111111111111110110111111111001111101
51
1111111111111111111111111111111111111111111111111111111111111111
70
01101011111111101010111010100
26
000100000000000
9
00100111000
9
001111001111100110100101111111100000111111010001101101111111101110100010111001101111011001
91
000000000000000000000
20
11110100101111101001010110111000101111011111011111111110111101111100101111010111001
77
10101101100010110111111
55
101111111111010100011100111011111101010110100010
26
000010010000000000011000000000000010010000000000000000000000000000000000010000
15
00100010110111
23
000000000000000000000000000000000
82
000000000000000000000000000
89
01100101000001010100111110100110011010100100000001001001000000001
19
0000001000100011000010010000000110011100000101000010110111110010010001101011001001000100000101100
92
101111110111011011111111111110111011110100101
89
10010000000010001010000001000011100010
72
111111101111011111111001111100101110101100101110111111101100
25
10100001000010000000000001
74
1111111111111111111111111111111111111111111111111111111111111111111111
15
1111111111111111111111111111111111011101111110111111111111111111111110111111111110111101111111011
28
10100011000011010100000111001100100100000010000100000010001010110100010100100
91
10001111110010011001100101110011111001001111010010110001000100111010101100010111111
51
1000010000000000100100000000001000000010000000
68
000110000011110001000001100000000010000000100001
100
10000111110000100
24
1111111111
5
0011000011011110101101100000001000010001000100000111100
94
1100110111101011110110001000100001000000100100000001101111001
18
1111011111100011111111101111111001101111
79
0001111000000011001000010000001010010100001100000010100010
61
00000011010000010000001000100101100000101100000010000010000101011100
4
11101111111111111110111111111111111111101111111111110111111111111111111110111111011101111111
66
01100000001100100101000000100101001000101100000
5
11111
5
000001010000100010000000
63
0001010000000100000000000000100000000101010001000001001010001000000000000000000000000000000000100
